0
0
0      cccc
0000000llll
0000000222220000000000000000000000000000000000000000000000000000000000000000000000000000000000000000000000000000000000000000000000000000000000000000000000000000000000000000000000000000000000000000000
000000000000000000000000000000000000000000000000000000000000000000000000000000000000000000000000000000000000000000000000000000000000000000000000000000000000000000000000000000000000000000
2200000000000000022000000220002222222222222222222222200000000tttttlllllllrrrrr00000000000000000000000000000000000000000000000000000000000000000000000000000000000000000000000000000000000
11222222222222222110000221120011111111111111111111111111111122112222222222222221100002211200111111111111111111111111111111221122222222222222211000022112001111111111111111111111111111112222222222222222211000022112001111111111111111111111111111112211222222222222222110000221120011111111111111111111111111111122
11111111111111111110000111110011111111111111111111111111111122112222222222222221100002211200111111111111111111111111111111221122222222222222211000022112001111111111111111111111111111112222222222222222211000022112001111111111111111111111111111112211222222222222222110000221120011111111111111111111111111111122
11111111111111111110000111110011111111111111111111111111111122112222222222222221100002211200111111111111111111111111111111221122222222222222211000022112001111111111111111111111111111112222222222222222211000022112001111111111111111111111111111112211222222222222222110000221120011111111111111111111111111111122
