3000000000000000000000000000000000000000000000000000000000000000000000000000000000000000000000000000000000000003
30000000000000000c00000000000000000000000000000000000c0000000000000000000000000000000000000000000000000000000003
3011111111111111010000000000000000000000000000000000010000000000000000000000000000000000000000000000000000000003
3000000000000000j10000000000000000000000000000000000j10000000000000000000000000000000000000000000000000000000003
3000000000000000010000000000000000000000000000000000010000000000000000000000000000000000000000000000000000000003
3000000000000000010000000000000000000000000000000000010000000000000000000000000000000000000000000000000000000003
3000000000000000010000000000000000000000000000000000010000000000000000000000000000000000000000000000000000000003
300l0000l0000l00j1000l00000l0000l0000000l00000000l00j10000l000000l000l00000000l0000000l00000000l000000l000c00e03
3222222222222222222222222222222222222222222222222222222222222222222222222222222222222222222222222222222222222223
3111111111111111111111111111111111111111111111111111111111111111111111111111111111111111111111111111111111111113
3111111111111111111111111111111111111111111111111111111111111111111111111111111111111111111111111111111111111113
3111111111111111111111111111111111111111111111111111111111111111111111111111111111111111111111111111111111111113
3111111111111111111111111111111111111111111111111111111111111111111111111111111111111111111111111111111111111113
3111111111111111111111111111111111111111111111111111111111111111111111111111111111111111111111111111111111111113
