3000000000000000000000000000000000000000000000000000000000000000000000000000000000000000000000000000000000000003
3000000000000000000000000000002000000000000000000000000000000000000000000000000000000000000000000000000000000003
300t000000t000000000000t00cj0020000000000000000000000000000000000t0t00000000000000000000000000000000000000000003
3222222222222222222222222222002000000000000000000000000000000022222222000000000000000000000000000000000000000003
3000000000000000000000000000002000000000000000000000000000000c00000000000000c00000000000000000000000000000000003
3000000000000000000000000000002000000000000000000000000000000000000000000000000000000000000000000000000000000003
3000000000000000000000000000002000000000000000000000000000000000000000000000000000000000000000000000000000000003
3000000000t000000t00000t00000j20s000000000t0000t0000t00000j0000000000000000j0000000000000t0000t00t00t00t000e0003
3222222222222222222222222222222222222222222222222222222222222222222222222222000000022222222222222222222222222223
3111111111111111111111111111111111111111111111111111111111111111111111111111000000211111111111111111111111111113
3111111111111111111111111111111111111111111111111111111111111111111111111111000000011111111111111111111111111113
3111111111111111111111111111111111111111111111111111111111111111111111111111000000011111111111111111111111111113
3111111111111111111111111111111111111111111111111111111111111111111111111111000000011111111111111111111111111113
3111111111111111111111111111111111111111111111111111111111111111111111111111000000011111111111111111111111111113