3000000000000000000000000000000000000000000000000000000000000000000000000000000000000000000000000000000000000003
30000000000000000c00000000000000000000000000000000000c0000000000000000000000000000000000000000000000000000000003
3011111111111111010000000000000000000000000000000000010000000000000000000000000000000000000000000000000000000003
3000000000000000j10000000000000000000000000000000000j10000000000000000000000000000000000000000000000000000000003
3000000000000000010000000000000000000000000000000000010000000000000000000000000000000000000000000000000000000003
3000000000000000010000000000000000000000000000000000010000000000000000000000000000000000000000000000000000000003
3000000000000000010000000000000000000000000000000000010000000000000000000000000000000000000000000000000000000003
300t0000t0000t00j1000t00000t0000t0000000t00000000t00j10000t000000t000t00000000t0000000t00000000t000000t000c00e03
3222222222222222222222222222222222222222222222222222222222222222222222222222222222222222222222222222222222222223
3111111111111111111111111111111111111111111111111111111111111111111111111111111111111111111111111111111111111113
3111111111111111111111111111111111111111111111111111111111111111111111111111111111111111111111111111111111111113
3111111111111111111111111111111111111111111111111111111111111111111111111111111111111111111111111111111111111113
3111111111111111111111111111111111111111111111111111111111111111111111111111111111111111111111111111111111111113
3111111111111111111111111111111111111111111111111111111111111111111111111111111111111111111111111111111111111113
